--->
STUDENT, sample size: 647, random state: 21
fairness metric: dmc, epsilon: 0.01
    Method  Accuracy  SD (Acc)    NoR     ARL  SD (ARL)   ANoRpS  SD (ANoRpS)  Fairness  SD (Fairness)  Training time  Prediction time
0       RF    0.6306  0.026658  792.2     NaN       NaN      NaN          NaN    0.7970       0.096368         0.0841           0.0841
1      ADA    0.6278  0.053894  377.4     NaN       NaN      NaN          NaN    0.7540       0.095586         0.0736           0.0736
2       GB    0.7125  0.053963  794.9     NaN       NaN      NaN          NaN    0.7482       0.081454         0.4780           0.4780
3       DT    0.7514  0.065935    8.0     NaN       NaN      NaN          NaN    0.7695       0.072334         0.0010           0.0010
4   RUX-RF    0.6134  0.080035   87.6  2.7480  0.039774  18.5281     1.338185    0.7461       0.082322         0.3333           0.0911
5  RUX-ADA    0.6478  0.050002   59.6  2.6108  0.071919  12.2502     1.916664    0.7391       0.069765         0.1199           0.0593
6   RUX-GB    0.4777  0.072512   62.8  2.9131  0.035831   9.5336     1.862486    0.8423       0.065186         0.3060           0.0626
7      RUG    0.6893  0.052809   32.7  2.4518  0.284507   5.4760     3.583677    0.7377       0.064050         0.3925           0.0315
<---

