--->
COMPAS, sample size: 6172, random state: 21
fairness metric: dmc, epsilon: 0.0
    Method  Accuracy  SD (Acc)    NoR     ARL  SD (ARL)  ANoRpS  SD (ANoRpS)  Fairness  SD (Fairness)  Training time  Prediction time
0       RF    0.7411  0.022152  799.9     NaN       NaN     NaN          NaN    0.6488       0.050929         0.1353           0.1353
1      ADA    0.7462  0.017028  396.4     NaN       NaN     NaN          NaN    0.7402       0.046908         0.1336           0.1336
2       GB    0.7518  0.018110  800.0     NaN       NaN     NaN          NaN    0.7098       0.052704         0.1753           0.1753
3       DT    0.7325  0.016818    8.0     NaN       NaN     NaN          NaN    0.8715       0.036516         0.0020           0.0020
4   RUX-RF    0.7286  0.019876   47.6  2.9035  0.043905  4.6035     1.895170    0.9337       0.046441         2.1699           0.4212
5  RUX-ADA    0.7283  0.016547   72.0  2.4563  0.072710  6.1247     1.744270    0.9491       0.034335         0.9419           0.5871
6   RUX-GB    0.7310  0.020040   61.2  2.7061  0.074816  5.7997     1.185256    0.9719       0.023475         2.2521           0.5088
7      RUG    0.7238  0.019783   20.8  2.2574  0.192945  2.6739     2.303985    0.9262       0.053246         2.5061           0.1775
<---

