--->
NURSERY, sample size: 12960, random state: 21
fairness metric: dmc, epsilon: 0.0
    Method  Accuracy  SD (Acc)    NoR     ARL  SD (ARL)  ANoRpS  SD (ANoRpS)  Fairness  SD (Fairness)  Training time  Prediction time
0       RF    0.7571  0.012218  686.9     NaN       NaN     NaN          NaN    0.9729       0.006730         0.2148           0.2148
1      ADA    0.6912  0.012213  335.2     NaN       NaN     NaN          NaN    0.9380       0.026004         0.3107           0.3107
2       GB    0.7971  0.009502  786.4     NaN       NaN     NaN          NaN    0.8897       0.019662         2.8018           2.8018
3       DT    0.7523  0.011679    5.0     NaN       NaN     NaN          NaN    0.9585       0.007420         0.0034           0.0034
4   RUX-RF    0.7026  0.018255   68.6  2.7250  0.046566  9.5103     1.572608    0.9095       0.046532         5.2543           1.3044
5  RUX-ADA    0.7187  0.025931   64.6  2.7142  0.040375  9.4482     1.041909    0.9206       0.042728         1.9174           1.2340
6   RUX-GB    0.7427  0.021251   13.6  2.4210  0.124243  3.0102     0.545899    0.9376       0.020333         4.4534           0.2618
7      RUG    0.7568  0.013644   11.8  2.2629  0.266256  1.7303     0.464729    0.9638       0.011600         4.8109           0.2200
<---

