--->
ADULT, sample size: 32561, random state: 21
fairness metric: dmc, epsilon: 0.025
    Method  Accuracy  SD (Acc)  Fairness  SD (Fairness)  Training time  Prediction time
0       RF    0.7952  0.006615    0.1102       0.026210         1.5397           1.5397
1      ADA    0.8659  0.004867    0.0913       0.035083         7.3967           7.3967
2       GB    0.8619  0.005522    0.1081       0.042096        11.8352          11.8352
3       DT    0.8438  0.006290    0.0930       0.045469         0.1255           0.1255
4   RUX-RF    0.8509  0.007622    0.0267       0.019850        57.7985           6.8749
5  RUX-ADA    0.8606  0.006726    0.0875       0.047762        37.1938          10.5185
6   RUX-GB    0.8553  0.006149    0.0878       0.043744        58.8262           6.1382
7      RUG    0.8574  0.007826    0.0850       0.033705       158.9594           4.6285
<---
--->
ADULT, sample size: 32561, random state: 21
fairness metric: dmc, epsilon: 0
    Method  Accuracy  SD (Acc)    NoR     ARL  SD (ARL)  ANoRpS  SD (ANoRpS)  Fairness  SD (Fairness)  Training time  Prediction time
0       RF    0.7952  0.006615  796.4     NaN       NaN     NaN          NaN    0.8898       0.026210         0.5818           0.5818
1      ADA    0.8659  0.004867  381.4     NaN       NaN     NaN          NaN    0.9087       0.035083         2.4616           2.4616
2       GB    0.8619  0.005522  790.3     NaN       NaN     NaN          NaN    0.8919       0.042096         4.6649           4.6649
3       DT    0.8438  0.006290    8.0     NaN       NaN     NaN          NaN    0.9070       0.045469         0.0446           0.0446
4   RUX-RF    0.8481  0.010473   58.2  2.9343  0.016236  3.4333     1.512017    0.9445       0.040048        23.4715           2.6436
5  RUX-ADA    0.8596  0.005535   85.5  2.2198  0.074364  3.2525     2.053764    0.9175       0.051904        13.2634           3.6015
6   RUX-GB    0.8564  0.007392   59.9  2.4947  0.042671  2.2449     0.810147    0.9098       0.042237        22.4312           2.3980
7      RUG    0.8589  0.005991   42.5  2.4147  0.065721  3.1190     2.551600    0.9046       0.038226        72.4053           1.8865
<---

