--->
ATTRITION, sample size: 1469, random state: 21
fairness metric: dmc, epsilon: 0.01
    Method  Accuracy  SD (Acc)    NoR     ARL  SD (ARL)   ANoRpS  SD (ANoRpS)  Fairness  SD (Fairness)  Training time  Prediction time
0       RF    0.8430  0.026702  787.4     NaN       NaN      NaN          NaN    0.9857       0.042900         0.1157           0.1157
1      ADA    0.8408  0.026962  397.3     NaN       NaN      NaN          NaN    0.8626       0.147385         0.2052           0.2052
2       GB    0.8665  0.023122  792.7     NaN       NaN      NaN          NaN    0.9410       0.054035         0.3210           0.3210
3       DT    0.8550  0.027426    8.0     NaN       NaN      NaN          NaN    0.9673       0.030838         0.0032           0.0032
4   RUX-RF    0.8504  0.029449  166.2  2.9354  0.016366  15.9167     1.676153    0.9323       0.035836         0.8066           0.3695
5  RUX-ADA    0.8401  0.024019  113.2  2.8230  0.049051   8.9641     0.582383    0.9199       0.048155         0.2676           0.2550
6   RUX-GB    0.8490  0.025729  150.6  2.8717  0.016205  12.8750     0.833674    0.9036       0.056434         0.6490           0.3261
7      RUG    0.8584  0.028650   68.4  2.7842  0.050446   9.3938     1.297551    0.9629       0.027801         1.9165           0.1574
<---

