--->
LAW, sample size: 18692, random state: 21
fairness metric: dmc, epsilon: 0.0
    Method  Accuracy  SD (Acc)    NoR     ARL  SD (ARL)  ANoRpS  SD (ANoRpS)  Fairness  SD (Fairness)  Training time  Prediction time
0       RF    0.9065  0.004610  800.0     NaN       NaN     NaN          NaN    0.7942       0.044848         0.4297           0.4297
1      ADA    0.7096  0.085354  397.7     NaN       NaN     NaN          NaN    0.8432       0.076866         1.8227           1.8227
2       GB    0.9092  0.005056  786.9     NaN       NaN     NaN          NaN    0.6866       0.036456         3.8946           3.8946
3       DT    0.9061  0.003330    8.0     NaN       NaN     NaN          NaN    0.7183       0.059955         0.0272           0.0272
4   RUX-RF    0.9006  0.005142   71.6  2.6728  0.064954  3.8555     1.467904    0.8703       0.050776        11.1986           1.5273
5  RUX-ADA    0.9021  0.004061   26.5  2.3451  0.219605  2.6070     3.019591    0.8777       0.120446         7.3494           0.5639
6   RUX-GB    0.9015  0.007325  100.3  2.4352  0.088068  4.6604     1.748749    0.7939       0.077040        11.5381           2.0451
7      RUG    0.9018  0.004578   25.2  2.4194  0.091568  1.4149     0.457584    0.9651       0.023793        17.1678           0.5242
<---