--->
ATTRITION, sample size: 1469, random state: 21
fairness metric: odm, epsilon: 0.01
    Method  Accuracy  SD (Acc)    NoR     ARL  SD (ARL)   ANoRpS  SD (ANoRpS)  Fairness  SD (Fairness)  Training time  Prediction time
0       RF    0.8430  0.026702  787.4     NaN       NaN      NaN          NaN    0.7433       0.129205         0.1561           0.1561
1      ADA    0.8408  0.026962  397.3     NaN       NaN      NaN          NaN    0.7960       0.155510         0.2530           0.2530
2       GB    0.8665  0.023122  792.7     NaN       NaN      NaN          NaN    0.8120       0.124656         0.4242           0.4242
3       DT    0.8550  0.027426    8.0     NaN       NaN      NaN          NaN    0.7760       0.140085         0.0051           0.0051
4   RUX-RF    0.8455  0.021247  167.0  2.9336  0.013455  15.7823     1.661096    0.7399       0.125002         1.1873           0.4967
5  RUX-ADA    0.8394  0.028207  112.5  2.8289  0.049967   9.0345     0.563436    0.7935       0.166803         0.3784           0.3217
6   RUX-GB    0.8503  0.020910  149.8  2.8770  0.017447  12.8733     1.058853    0.8505       0.102552         1.0197           0.4138
7      RUG    0.8491  0.033833   67.9  2.8188  0.056356   9.1705     1.000432    0.8259       0.114743         2.8755           0.2178
<---

--->
ATTRITION, sample size: 1469, random state: 21
fairness metric: odm, epsilon: 0
    Method  Accuracy  SD (Acc)    NoR     ARL  SD (ARL)   ANoRpS  SD (ANoRpS)  Fairness  SD (Fairness)  Training time  Prediction time
0       RF    0.8430  0.026702  787.4     NaN       NaN      NaN          NaN    0.7433       0.129205         0.1072           0.1072
1      ADA    0.8408  0.026962  397.3     NaN       NaN      NaN          NaN    0.7960       0.155510         0.1938           0.1938
2       GB    0.8665  0.023122  792.7     NaN       NaN      NaN          NaN    0.8120       0.124656         0.3055           0.3055
3       DT    0.8550  0.027426    8.0     NaN       NaN      NaN          NaN    0.7760       0.140085         0.0031           0.0031
4   RUX-RF    0.8544  0.020240  165.3  2.9343  0.014846  15.5742     1.929519    0.7964       0.139743         0.7748           0.3586
5  RUX-ADA    0.8359  0.026939  110.4  2.8338  0.045574   8.8862     0.783284    0.8003       0.172828         0.2699           0.2380
6   RUX-GB    0.8462  0.028631  147.5  2.8734  0.017878  12.8137     0.995991    0.8417       0.105588         0.6689           0.3107
7      RUG    0.8489  0.031278   66.8  2.8268  0.079332   8.9736     0.958864    0.7424       0.141686         1.8881           0.1445
<---

